tweet_id,favorite_count,retweet_count,retweeted
892420643555336193,35730,7558,False
892177421306343426,30871,5598,False
891815181378084864,23219,3710,False
891689557279858688,39025,7740,False
891327558926688256,37279,8334,False
891087950875897856,18795,2797,False
890971913173991426,10922,1817,False
890729181411237888,60225,16905,False
890609185150312448,25852,3850,False
890240255349198849,29523,6577,False
890006608113172480,28432,6566,False
889880896479866881,25867,4467,False
889665388333682689,44521,8965,False
889638837579907072,25058,4011,False
889531135344209921,14056,2022,False
889278841981685760,23345,4780,False
888917238123831296,26970,4020,False
888804989199671297,23667,3792,False
888554962724278272,18266,3104,False
888078434458587136,20195,3111,False
887705289381826560,28064,4841,False
887517139158093824,42970,10568,False
887473957103951883,63671,16126,False
887343217045368832,31194,9403,False
887101392804085760,28399,5349,False
886983233522544640,32317,6858,False
886736880519319552,11085,2869,False
886680336477933568,20836,4010,False
886366144734445568,19580,2837,False
886267009285017600,111,4,False
886258384151887873,25944,5665,False
886054160059072513,0,99,False
885984800019947520,30190,6028,False
885528943205470208,33309,5729,False
885518971528720385,18965,3352,False
885311592912609280,0,16584,False
885167619883638784,20278,3913,False
884925521741709313,71359,16175,False
884876753390489601,25776,5000,False
884562892145688576,22533,4215,False
884441805382717440,25111,5108,False
884247878851493888,67192,18214,False
884162670584377345,18920,2681,False
883838122936631299,20247,3074,False
883482846933004288,42436,8854,False
883360690899218434,21012,3317,False
883117836046086144,34364,5968,False
882992080364220416,22136,3485,False
882762694511734784,26177,4384,False
882627270321602560,25951,5449,False
882268110199369728,41513,10388,False
882045870035918850,27181,4371,False
881906580714921986,22559,3050,False
881666595344535552,46957,9571,False
881633300179243008,115,7,False
881536004380872706,45837,14364,False
881268444196462592,21565,4744,False
880935762899988482,15856,2507,False
880872448815771648,19740,3437,False
880465832366813184,26385,5569,False
880221127280381952,25004,3736,False
880095782870896641,25614,3900,False
879862464715927552,20754,3125,False
879674319642796034,293,10,False
879492040517615616,21779,2863,False
879415818425184262,98109,40004,False
879376492567855104,15611,2815,False
879130579576475649,0,6116,False
879050749262655488,20918,4227,False
879008229531029506,17650,2406,False
878776093423087618,17971,3678,False
878604707211726852,27945,6361,False
878404777348136964,0,1152,False
878316110768087041,0,5971,False
878281511006478336,7175,1152,False
878057613040115712,39073,6116,False
877736472329191424,73527,17030,False
877611172832227328,0,72,False
877556246731214848,21075,3421,False
877316821321428993,25469,4678,False
877201837425926144,25180,5012,False
876838120628539392,19233,3005,False
876537666061221889,22029,4225,False
876484053909872640,17458,2130,False
876120275196170240,26017,4200,False
875747767867523072,23368,3849,False
875144289856114688,20410,4423,False
875097192612077568,25526,5482,False
875021211251597312,23722,4254,False
874680097055178752,25889,4179,False
874434818259525634,0,13104,False
874296783580663808,24248,3717,False
874057562936811520,21166,3596,False
874012996292530176,31876,9235,False
873580283840344065,22566,3561,False
873337748698140672,0,1431,False
873213775632977920,6674,1431,False
872967104147763200,25400,4899,False
872820683541237760,13742,3366,False
872620804844003328,19338,3300,False
872486979161796608,38043,8201,False
872122724285648897,31972,7338,False
871879754684805121,35058,9932,False
871762521631449091,18877,3165,False
871515927908634625,18853,3153,False
871166179821445120,0,5193,False
871102520638267392,19559,5006,False
871032628920680449,21268,3469,False
870804317367881728,31486,5636,False
870726314365509632,114,3,False
870656317836468226,11535,2389,False
870374049280663552,77759,24197,False
870308999962521604,20520,3778,False
870063196459192321,34198,7569,False
869772420881756160,39935,9260,False
869702957897576449,26450,5753,False
869596645499047938,14967,2850,False
869227993411051520,19156,3444,False
868880397819494401,61330,13175,False
868639477480148993,0,1893,False
868622495443632128,25025,4842,False
868552278524837888,9460,1893,False
867900495410671616,22772,3832,False
867774946302451713,31924,6726,False
867421006826221569,15128,2285,False
867072653475098625,0,110,False
867051520902168576,30305,7247,False
866720684873056260,18834,4404,False
866686824827068416,18118,3197,False
866450705531457537,115084,32414,False
866334964761202691,49274,13104,False
866094527597207552,0,7711,False
865718153858494464,24203,5185,False
865359393868664832,24935,4615,False
865006731092295680,26451,7111,False
864873206498414592,30445,8013,False
864279568663928832,13766,2782,False
864197398364647424,28273,8168,False
863907417377173506,19457,3827,False
863553081350529029,14423,3874,False
863471782782697472,0,2246,False
863432100342583297,22476,4850,False
863427515083354112,2079,89,False
863079547188785154,8301,1028,False
863062471531167744,7982,2246,False
862831371563274240,18156,4776,False
862722525377298433,16197,3283,False
862457590147678208,19317,4566,False
862096992088072192,70225,21479,False
861383897657036800,34168,9946,False
861288531465048066,16264,3836,False
861005113778896900,15812,3550,False
860981674716409858,0,1993,False
860924035999428608,0,741,False
860563773140209665,7111,1993,False
860524505164394496,22448,4943,False
860276583193509888,17453,3274,False
860184849394610176,15823,5450,False
860177593139703809,0,28837,False
859924526012018688,18630,3837,False
859851578198683649,14690,3284,False
859607811541651456,17739,1457,False
859196978902773760,85451,28179,False
859074603037188101,32171,12752,False
858860390427611136,0,7597,False
858843525470990336,14866,3254,False
858471635011153920,20520,4553,False
858107933456039936,15036,2715,False
857989990357356544,15346,2434,False
857746408056729600,32701,9993,False
857393404942143489,5621,1547,False
857263160327368704,19176,4256,False
857214891891077121,214,17,False
857062103051644929,0,158,False
857029823797047296,18027,3745,False
856543823941562368,15652,2717,False
856526610513747968,11376,1776,False
856330835276025856,0,632,False
856288084350160898,493,15,False
856282028240666624,26597,5946,False
855862651834028034,323,24,False
855860136149123072,4704,928,False
855857698524602368,11394,1991,False
855851453814013952,43981,17123,False
855818117272018944,25613,5143,False
855459453768019968,28623,7801,False
855245323840757760,0,5649,False
855138241867124737,0,43,False
854732716440526848,21880,5760,False
854482394044301312,28146,6500,False
854365224396361728,18193,4466,False
854120357044912130,30846,7106,False
854010172552949760,15681,3004,False
853760880890318849,27585,5477,False
853639147608842240,33463,9555,False
853299958564483072,14966,3398,False
852936405516943360,0,1897,False
852912242202992640,8722,1732,False
852672615818899456,14435,2066,False
852553447878664193,15781,3325,False
852311364735569921,32101,9525,False
852226086759018497,19388,6566,False
852189679701164033,11120,1528,False
851861385021730816,0,19,False
851591660324737024,15791,3328,False
851464819735769094,23569,6790,False
851224888060895234,20120,5528,False
850753642995093505,29921,8756,False
850380195714523136,12754,2510,False
850333567704068097,3364,315,False
850145622816686080,15911,3660,False
850019790995546112,19872,4695,False
849776966551130114,29601,7311,False
849668094696017920,0,4775,False
849412302885593088,15472,3039,False
849336543269576704,11140,1833,False
849051919805034497,41288,8185,False
848690551926992896,24579,4178,False
848324959059550208,24121,4475,False
848213670039564288,7984,701,False
848212111729840128,15950,2929,False
847978865427394560,0,3156,False
847971574464610304,0,420,False
847962785489326080,22999,4905,False
847842811428974592,5314,1283,False
847617282490613760,6831,401,False
847606175596138505,18372,3329,False
847251039262605312,20060,4195,False
847157206088847362,19467,5689,False
847116187444137987,21017,3088,False
846874817362120707,19670,3808,False
846514051647705089,43645,11178,False
846505985330044928,13809,2975,False
846153765933735936,30925,8768,False
846139713627017216,30438,9754,False
846042936437604353,15660,2779,False
845812042753855489,28634,8428,False
845677943972139009,24708,4670,False
845397057150107648,7486,1744,False
845306882940190720,22884,5241,False
845098359547420673,0,7447,False
844979544864018432,13390,2476,False
844973813909606400,14794,3094,False
844580511645339650,16180,3036,False
844223788422217728,13432,2134,False
843981021012017153,14921,2880,False
843856843873095681,21080,4509,False
843604394117681152,16602,2671,False
843235543001513987,21151,5876,False
842846295480000512,15047,3548,False
842765311967449089,6630,1245,False
842535590457499648,17828,3426,False
842163532590374912,24058,5649,False
842115215311396866,13763,2958,False
841833993020538882,0,14691,False
841680585030541313,25367,7639,False
841439858740625411,12456,3595,False
841320156043304961,19520,5381,False
841314665196081154,15634,4540,False
841077006473256960,22526,5193,False
840761248237133825,0,1729,False
840728873075638272,0,15732,False
840698636975636481,174,2,False
840696689258311684,12129,949,False
840632337062862849,8870,1729,False
840370681858686976,16223,4458,False
840268004936019968,19008,5603,False
839990271299457024,13243,2227,False
839549326359670784,27105,7597,False
839290600511926273,0,140,False
839239871831150596,26779,6409,False
838952994649550848,19419,3916,False
838921590096166913,10999,2011,False
838916489579200512,0,34,False
838831947270979586,0,10800,False
838561493054533637,10831,1311,False
838476387338051585,22226,4685,False
838201503651401729,0,9851,False
838150277551247360,1652,325,False
838085839343206401,138,1,False
838083903487373313,17419,3067,False
837820167694528512,33675,7711,False
837482249356513284,3821,437,False
837471256429613056,12649,2232,False
837110210464448512,15886,2327,False
836989968035819520,12619,2265,False
836753516572119041,19149,4568,False
836677758902222849,12497,2194,False
836648853927522308,0,549,False
836397794269200385,0,27061,False
836380477523124226,14627,2942,False
836260088725786625,21116,4242,False
836001077879255040,18909,4191,False
835685285446955009,0,8011,False
835574547218894849,17634,3564,False
835536468978302976,0,1666,False
835309094223372289,0,20614,False
835297930240217089,16325,2965,False
835264098648616962,7668,1666,False
835246439529840640,2084,72,False
835172783151792128,25944,5682,False
835152434251116546,22196,2963,False
834931633769889797,10713,1616,False
834786237630337024,21228,5427,False
834574053763584002,13524,2490,False
834477809192075265,0,10490,False
834458053273591808,9545,1655,False
834209720923721728,20406,4677,False
834167344700198914,15707,3612,False
834089966724603904,9958,2107,False
834086379323871233,12950,2182,False
833863086058651648,13337,2373,False
833826103416520705,17945,3729,False
833732339549220864,0,220,False
833722901757046785,20666,3179,False
833479644947025920,14754,2026,False
833124694597443584,20049,4775,False
832998151111966721,13157,2171,False
832769181346996225,0,39,False
832757312314028032,16749,3579,False
832682457690300417,11794,2876,False
832645525019123713,2909,524,False
832636094638288896,15749,2751,False
832397543355072512,11884,2191,False
832369877331693569,17087,3156,False
832273440279240704,11281,2316,False
832215909146226688,0,6139,False
832215726631055365,0,9217,False
832088576586297345,62,2,False
832040443403784192,0,9501,False
832032802820481025,17749,4609,False
831939777352105988,23827,6065,False
831926988323639298,334,34,False
831911600680497154,27411,6426,False
831670449226514432,10369,1796,False
831650051525054464,7087,1897,False
831552930092285952,8924,2296,False
831322785565769729,9228,1535,False
831315979191906304,6508,1117,False
831309418084069378,11698,2437,False
831262627380748289,11840,2020,False
830956169170665475,7931,1481,False
830583320585068544,66391,16584,False
830173239259324417,0,5630,False
830097400375152640,9743,2909,False
829878982036299777,0,4952,False
829861396166877184,12177,1918,False
829501995190984704,31575,10490,False
829449946868879360,10416,1997,False
829141528400556032,24274,7257,False
829011960981237760,52965,16183,False
828801551087042563,0,3395,False
828770345708580865,25475,5806,False
828708714936930305,36319,11075,False
828650029636317184,9470,1328,False
828409743546925057,6322,1157,False
828408677031882754,7645,1279,False
828381636999917570,12534,2199,False
828376505180889089,7344,1061,False
828372645993398273,12524,2907,False
828361771580813312,2182,174,False
828046555563323392,11712,2851,False
828011680017821696,10317,2133,False
827933404142436356,20002,5203,False
827653905312006145,15441,3002,False
827600520311402496,7443,932,False
827324948884643840,15794,3011,False
827199976799354881,10546,2209,False
826958653328592898,21502,4952,False
826848821049180160,36214,10074,False
826615380357632002,0,3955,False
826598799820865537,5110,249,False
826598365270007810,10010,2323,False
826476773533745153,18345,4158,False
826240494070030336,13262,2589,False
826204788643753985,4868,918,False
826115272272650244,15612,3081,False
825876512159186944,10461,1859,False
825829644528148480,12712,2473,False
825535076884762624,56737,17487,False
825147591692263424,18250,4510,False
825120256414846976,0,1243,False
825026590719483904,6281,1243,False
824796380199809024,0,5466,False
824775126675836928,14863,3489,False
824663926340194305,10500,1765,False
824325613288833024,11812,10499,False
824297048279236611,15039,3836,False
824025158776213504,4829,598,False
823939628516474880,10614,2694,False
823719002937630720,0,11134,False
823699002998870016,13975,2507,False
823581115634085888,13003,2612,False
823333489516937216,701,24,False
823322678127919110,15713,3999,False
823269594223824897,0,9838,False
822975315408461824,17309,3429,False
822872901745569793,131397,43019,False
822859134160621569,13245,2264,False
822647212903690241,0,6380,False
822610361945911296,14805,2941,False
822489057087389700,18155,6380,False
822462944365645825,27979,14214,False
822244816520155136,34929,9838,False
822163064745328640,0,4747,False
821886076407029760,11312,2294,False
821813639212650496,0,3357,False
821765923262631936,8416,1654,False
821522889702862852,8044,1754,False
821421320206483457,0,5566,False
821407182352777218,11766,4329,False
821153421864615936,257,10,False
821149554670182400,8629,1970,False
821107785811234820,9609,2134,False
821044531881721856,12668,2273,False
820837357901512704,0,6711,False
820749716845686786,31553,9851,False
820690176645140481,12234,3219,False
820494788566847489,0,564,False
820446719150292993,0,2559,False
820314633777061888,3356,564,False
820078625395449857,19830,6270,False
820013781606658049,0,1174,False
819952236453363712,5332,1174,False
819924195358416896,12939,4875,False
819711362133872643,13394,3100,False
819588359383371776,9668,1984,False
819347104292290561,7225,1203,False
819238181065359361,2275,406,False
819227688460238848,23098,6711,False
819015337530290176,0,36845,False
819015331746349057,0,18953,False
819006400881917954,45405,18953,False
819004803107983360,87084,36845,False
818646164899774465,0,20966,False
818627210458333184,22458,7533,False
818614493328580609,9858,2550,False
818588835076603904,0,6119,False
818536468981415936,10918,2450,False
818307523543449600,0,8066,False
818259473185828864,11040,2263,False
818145370475810820,12295,2567,False
817908911860748288,4869,802,False
817827839487737858,51754,27061,False
817777686764523521,10781,2685,False
817536400337801217,11798,2961,False
817502432452313088,0,3386,False
817423860136083457,33902,14691,False
817415592588222464,5614,943,False
817181837579653120,0,8469,False
817171292965273600,8789,2022,False
817120970343411712,12248,2596,False
817056546584727552,8611,1643,False
816829038950027264,0,4722,False
816816676327063552,10035,2038,False
816697700272001025,9807,2185,False
816450570814898180,30501,8066,False
816336735214911488,8626,1945,False
816091915477250048,8973,2140,False
816062466425819140,0,1017,False
816014286006976512,0,5268,False
815990720817401858,4963,1017,False
815966073409433600,22486,8469,False
815745968457060357,0,4131,False
815736392542261248,9878,2265,False
815639385530101762,8257,1652,False
815390420867969024,10391,3814,False
814986499976527872,7696,1277,False
814638523311648768,11314,2699,False
814578408554463233,0,5844,False
814530161257443328,8679,1865,False
814153002265309185,28874,8693,False
813944609378369540,0,3193,False
813910438903693312,9344,1870,False
813812741911748608,36580,14006,False
813800681631023104,8366,1762,False
813217897535406080,18726,7310,False
813202720496779264,9279,1823,False
813187593374461952,19959,4359,False
813172488309972993,9314,1929,False
813157409116065792,7816,2218,False
813142292504645637,8529,2392,False
813130366689148928,4499,451,False
813127251579564032,11899,3143,False
813112105746448384,10358,2753,False
813096984823349248,10639,3641,False
813081950185472002,9943,2799,False
813066809284972545,7996,1962,False
813051746834595840,21114,7388,False
812781120811126785,7612,1912,False
812709060537683968,6650,1438,False
812503143955202048,6107,1225,False
812466873996607488,8007,1943,False
812372279581671427,13722,3671,False
811985624773361665,7308,1405,False
811744202451197953,7585,1602,False
811647686436880384,5649,745,False
811627233043480576,12840,3094,False
811386762094317568,21040,6419,False
810984652412424192,5364,1447,False
810896069567610880,9061,1780,False
810657578271330305,11037,2663,False
810284430598270976,35456,11329,False
810254108431155201,14785,3395,False
809920764300447744,15651,3955,False
809808892968534016,0,4907,False
809448704142938112,6983,1472,False
809220051211603969,20051,5630,False
809084759137812480,13335,3554,False
808838249661788160,10184,3052,False
808733504066486276,7952,2178,False
808501579447930884,11397,2611,False
808344865868283904,42840,20966,False
808134635716833280,0,5950,False
808106460588765185,8860,2222,False
808001312164028416,12626,3558,False
807621403335917568,14681,3630,False
807106840509214720,119003,55655,False
807059379405148160,0,7380,False
807010152071229440,13178,3884,False
806629075125202948,75178,34821,False
806620845233815552,0,5567,False
806576416489959424,4938,1968,False
806542213899489280,10297,2371,False
806242860592926720,0,11679,False
806219024703037440,6493,1198,False
805958939288408065,0,5399,False
805932879469572096,8341,1934,False
805826884734976000,6607,1832,False
805823200554876929,0,8053,False
805520635690676224,5801,1666,False
805487436403003392,8865,2541,False
805207613751304193,7894,1729,False
804738756058218496,13810,3832,False
804475857670639616,6177,2021,False
804413760345620481,0,3255,False
804026241225523202,44767,16218,False
803773340896923648,10137,2758,False
803692223237865472,0,7472,False
803638050916102144,11024,4172,False
803380650405482500,7825,1883,False
803321560782307329,0,5356,False
803276597545603072,10113,2472,False
802952499103731712,9085,2012,False
802624713319034886,0,2932,False
802600418706604034,7162,1480,False
802572683846291456,9004,2524,False
802323869084381190,16303,5855,False
802265048156610565,6807,1383,False
802239329049477120,9148,2637,False
802185808107208704,0,273,False
801958328846974976,7817,1728,False
801854953262350336,1798,237,False
801538201127157760,8291,2082,False
801285448605831168,6093,824,False
801167903437357056,24636,5950,False
801127390143516673,0,3977,False
801115127852503040,8137,2109,False
800859414831898624,693,98,False
800855607700029440,0,1621,False
800751577355128832,10647,2812,False
800513324630806528,13223,3010,False
800459316964663297,9584,2185,False
800443802682937345,0,4344,False
800388270626521089,11224,2830,False
800188575492947969,0,3973,False
800141422401830912,15394,2559,False
800018252395122689,28579,13244,False
799774291445383169,0,4717,False
799757965289017345,8457,2179,False
799422933579902976,8139,1938,False
799308762079035393,0,5498,False
799297110730567681,9957,2778,False
799063482566066176,8142,2489,False
798933969379225600,13185,4485,False
798925684722855936,7566,1451,False
798705661114773508,0,6691,False
798701998996647937,0,7834,False
798697898615730177,0,6576,False
798694562394996736,0,4986,False
798686750113755136,0,2355,False
798682547630837760,0,4759,False
798673117451325440,0,5590,False
798665375516884993,0,3937,False
798644042770751489,0,1867,False
798628517273620480,0,1992,False
798585098161549313,0,5727,False
798576900688019456,0,5893,False
798340744599797760,0,3351,False
798209839306514432,10501,2578,False
797971864723324932,11676,3123,False
797545162159308800,14663,4897,False
797236660651966464,20108,6625,False
797165961484890113,226,26,False
796904159865868288,0,8977,False
796865951799083009,7744,1935,False
796759840936919040,11912,3046,False
796563435802726400,0,7310,False
796484825502875648,7628,1771,False
796387464403357696,11084,4161,False
796177847564038144,0,14362,False
796149749086875649,32465,14362,False
796125600683540480,5011,1817,False
796116448414461957,9162,2431,False
796080075804475393,8524,2320,False
796031486298386433,10879,3735,False
795464331001561088,49915,23704,False
795400264262053889,10136,2884,False
795076730285391872,16316,5466,False
794983741416415232,0,3388,False
794926597468000259,10317,2316,False
794355576146903043,0,10337,False
794332329137291264,9657,2700,False
794205286408003585,9293,3335,False
793962221541933056,16955,4907,False
793845145112371200,9296,1875,False
793614319594401792,0,3156,False
793601777308463104,8036,1632,False
793500921481273345,10745,2380,False
793286476301799424,24768,9217,False
793271401113350145,8763,2407,False
793256262322548741,20114,8380,False
793241302385262592,10589,3311,False
793226087023144960,9902,2899,False
793210959003287553,8999,2809,False
793195938047070209,15366,5656,False
793180763617361921,6988,2016,False
793165685325201412,9472,2808,False
793150605191548928,6225,1714,False
793135492858580992,6459,2510,False
793120401413079041,12752,3943,False
792913359805018113,14433,4006,False
792883833364439040,11368,4289,False
792773781206999040,7409,1687,False
792394556390137856,13535,4317,False
792050063153438720,7207,1805,False
791821351946420224,0,21205,False
791784077045166082,0,9624,False
791780927877898241,0,3845,False
791774931465953280,45431,22313,False
791672322847637504,11836,3156,False
791406955684368384,13222,4131,False
791312159183634433,8852,2547,False
791026214425268224,0,4119,False
790987426131050500,9904,2145,False
790946055508652032,16757,4722,False
790723298204217344,0,2323,False
790698755171364864,8282,1934,False
790581949425475584,20788,7176,False
790337589677002753,7875,1890,False
790277117346975746,12651,3193,False
790227638568808452,0,3585,False
789986466051088384,9315,2323,False
789960241177853952,0,4146,False
789903600034189313,10422,4160,False
789628658055020548,7543,1777,False
789599242079838210,6804,1938,False
789530877013393408,11793,3388,False
789314372632018944,8713,2311,False
789280767834746880,0,4956,False
789268448748703744,9179,2624,False
789137962068021249,9791,2803,False
788908386943430656,27602,12540,False
788765914992902144,27510,10337,False
788552643979468800,0,7211,False
788412144018661376,15643,5287,False
788178268662984705,7269,2105,False
788150585577050112,6161,1294,False
788070120937619456,0,3442,False
788039637453406209,6174,1321,False
787810552592695296,8661,3068,False
787717603741622272,10325,2784,False
787397959788929025,10954,2857,False
787322443945877504,7822,1751,False
787111942498508800,0,6785,False
786963064373534720,26795,8011,False
786729988674449408,0,2433,False
786709082849828864,18320,6139,False
786664955043049472,10646,2556,False
786595970293370880,9504,3134,False
786363235746385920,10950,3515,False
786286427768250368,8018,2845,False
786233965241827333,15332,4747,False
786051337297522688,1430,155,False
786036967502913536,0,7036,False
785927819176054784,11444,3200,False
785872687017132033,6728,1813,False
785639753186217984,7892,2250,False
785533386513321988,9162,2003,False
785515384317313025,6156,1264,False
785264754247995392,7295,1631,False
785170936622350336,12098,4845,False
784826020293709826,10153,3255,False
784517518371221505,9008,2543,False
784431430411685888,5740,1273,False
784183165795655680,20156,8053,False
784057939640352768,29880,11134,False
783839966405230592,30168,10800,False
783821107061198850,7390,1981,False
783695101801398276,10504,3213,False
783466772167098368,8500,2248,False
783391753726550016,16954,5481,False
783347506784731136,0,5554,False
783334639985389568,29254,11679,False
783085703974514689,8185,2205,False
782969140009107456,24213,7380,False
782747134529531904,7491,1410,False
782722598790725632,17330,5399,False
782598640137187329,7824,1877,False
782305867769217024,16688,5566,False
782021823840026624,0,6204,False
781955203444699136,11164,3373,False
781661882474196992,10461,2720,False
781655249211752448,4000,1131,False
781524693396357120,20816,5567,False
781308096455073793,7162,2558,False
781251288990355457,8466,2080,False
781163403222056960,9834,2751,False
780931614150983680,21669,7310,False
780858289093574656,7209,2016,False
780800785462489090,5493,1301,False
780601303617732608,12142,3357,False
780543529827336192,6313,1745,False
780496263422808064,0,3686,False
780476555013349377,0,112,False
780459368902959104,5306,1079,False
780192070812196864,8713,2238,False
780092040432480260,0,2294,False
780074436359819264,12181,4954,False
779834332596887552,18925,7036,False
779377524342161408,8811,3110,False
779124354206535695,0,18264,False
779056095788752897,14774,4538,False
778990705243029504,19977,7186,False
778774459159379968,0,9863,False
778764940568104960,870,361,False
778748913645780993,6901,1306,False
778650543019483137,5778,1496,False
778624900596654080,4643,1008,False
778408200802557953,13637,4318,False
778396591732486144,0,12201,False
778383385161035776,5838,1102,False
778286810187399168,10377,3287,False
778039087836069888,8505,2640,False
778027034220126208,6547,1610,False
777953400541634568,0,3519,False
777885040357281792,6346,1629,False
777684233540206592,11235,2932,False
777641927919427584,0,4220,False
777621514455814149,8747,2501,False
777189768882946048,14275,4294,False
776819012571455488,0,13626,False
776813020089548800,4881,1206,False
776477788987613185,8828,2770,False
776249906839351296,0,9087,False
776218204058357768,29870,15815,False
776201521193218049,9615,2514,False
776113305656188928,11753,4344,False
776088319444877312,1843,151,False
775898661951791106,0,16472,False
775842724423557120,11713,2649,False
775733305207554048,13873,3977,False
775729183532220416,12991,4589,False
775364825476165632,7395,2956,False
775350846108426240,10154,3896,False
775085132600442880,15547,4717,False
774757898236878852,8603,1786,False
774639387460112384,6724,1725,False
774314403806253056,21749,5498,False
773985732834758656,10712,3842,False
773922284943896577,6396,1745,False
773704687002451968,6593,1620,False
773670353721753600,5359,1308,False
773547596996571136,22075,6119,False
773336787167145985,0,5047,False
773308824254029826,23281,7447,False
773247561583001600,9454,3243,False
773191612633579521,9973,4112,False
772877495989305348,8535,3862,False
772826264096874500,8025,2338,False
772615324260794368,0,3362,False
772581559778025472,6472,1693,False
772193107915964416,6022,1383,False
772152991789019136,3797,1126,False
772117678702071809,3769,737,False
772114945936949249,2726,466,False
772102971039580160,3987,938,False
771908950375665664,6576,1896,False
771770456517009408,11981,3351,False
771500966810099713,8242,2601,False
771380798096281600,10451,5047,False
771171053431250945,0,7410,False
771136648247640064,9128,2911,False
771102124360998913,6229,1435,False
771014301343748096,6846,1646,False
770787852854652928,4912,1196,False
770772759874076672,5155,1410,False
770655142660169732,7316,1758,False
770414278348247044,6311,2093,False
770293558247038976,6222,1466,False
770093767776997377,0,3034,False
770069151037685760,7566,2284,False
769940425801170949,31242,9501,False
769695466921623552,6399,1676,False
769335591808995329,0,7690,False
769212283578875904,5377,1708,False
768970937022709760,14309,6468,False
768909767477751808,0,2657,False
768855141948723200,4183,882,False
768609597686943744,4102,1198,False
768596291618299904,5018,1276,False
768554158521745409,0,5805,False
768473857036525572,13590,3401,False
768193404517830656,10824,3519,False
767884188863397888,4726,1372,False
767754930266464257,15947,5356,False
767500508068192258,7479,2329,False
767191397493538821,12260,3731,False
767122157629476866,10145,2841,False
766864461642756096,0,5596,False
766793450729734144,5044,1349,False
766714921925144576,2606,375,False
766693177336135680,3993,788,False
766423258543644672,5980,1572,False
766313316352462849,6766,1877,False
766078092750233600,0,2604,False
766069199026450432,4210,846,False
766008592277377025,3732,494,False
765719909049503744,7202,2138,False
765669560888528897,5164,1217,False
765395769549590528,26522,3362,False
765371061932261376,7039,2151,False
765222098633691136,11592,3362,False
764857477905154048,6427,1764,False
764259802650378240,5986,1491,False
763956972077010945,759,54,False
763837565564780549,12508,4119,False
763183847194451968,5352,1455,False
763167063695355904,0,2982,False
763103485927849985,7328,2278,False
762699858130116608,12076,3585,False
762471784394268675,11161,6365,False
762464539388485633,10230,4146,False
762316489655476224,4768,1112,False
762035686371364864,31682,15426,False
761976711479193600,5378,1993,False
761750502866649088,0,3879,False
761745352076779520,4252,858,False
761672994376806400,49210,28837,False
761599872357261312,4105,1182,False
761371037149827077,0,17925,False
761334018830917632,5163,1440,False
761292947749015552,4463,1075,False
761227390836215808,5296,1550,False
761004547850530816,11260,3442,False
760893934457552897,3799,965,False
760656994973933572,6543,1893,False
760641137271070720,4949,1284,False
760539183865880579,7523,3588,False
760521673607086080,4186,1376,False
760290219849637889,26623,11369,False
760252756032651264,3930,862,False
760190180481531904,5656,1781,False
760153949710192640,0,30,False
759943073749200896,5908,2060,False
759923798737051648,14594,5596,False
759846353224826880,6692,1947,False
759793422261743616,5913,1886,False
759557299618865152,4657,1174,False
759447681597108224,8416,2433,False
759446261539934208,1659,483,False
759197388317847553,6037,1928,False
759159934323924993,0,1144,False
759099523532779520,14410,4124,False
759047813560868866,6439,1988,False
758854675097526272,3525,888,False
758828659922702336,11145,3799,False
758740312047005698,5698,1601,False
758474966123810816,3774,988,False
758467244762497024,4750,2187,False
758405701903519748,5168,1884,False
758355060040593408,3372,1056,False
758099635764359168,18916,9863,False
758041019896193024,2681,368,False
757741869644341248,6842,3218,False
757729163776290825,0,7825,False
757725642876129280,4516,1195,False
757611664640446465,4537,1092,False
757597904299253760,0,298,False
757596066325864448,4301,1044,False
757400162377592832,15007,6767,False
757393109802180609,5770,1719,False
757354760399941633,4484,1404,False
756998049151549440,6230,1965,False
756939218950160384,6592,1988,False
756651752796094464,5008,1284,False
756526248105566208,10346,3542,False
756303284449767430,3895,1088,False
756288534030475264,43670,17496,False
756275833623502848,6356,1513,False
755955933503782912,7264,2846,False
755206590534418437,16301,5295,False
755110668769038337,21010,10966,False
754874841593970688,0,7801,False
754856583969079297,6855,2482,False
754747087846248448,2571,513,False
754482103782404096,5245,1930,False
754449512966619136,3715,724,False
754120377874386944,7824,2329,False
753655901052166144,5787,2150,False
753420520834629632,7830,3512,False
753398408988139520,5703,1876,False
753375668877008896,7583,2294,False
753298634498793472,0,5621,False
753294487569522689,3338,1025,False
753039830821511168,36788,20614,False
753026973505581056,3889,949,False
752932432744185856,12515,6785,False
752917284578922496,6880,1557,False
752701944171524096,0,2821,False
752682090207055872,5955,1574,False
752660715232722944,4344,1539,False
752568224206688256,5443,2251,False
752519690950500352,7308,3398,False
752334515931054080,3785,1078,False
752309394570878976,0,16041,False
752173152931807232,5904,1809,False
751950017322246144,3036,899,False
751937170840121344,5143,1310,False
751830394383790080,5759,1921,False
751793661361422336,5765,2861,False
751598357617971201,7839,3010,False
751583847268179968,4345,1088,False
751538714308972544,4990,1243,False
751456908746354688,3182,989,False
751251247299190784,12381,5797,False
751205363882532864,6274,1790,False
751132876104687617,5015,1285,False
750868782890057730,4735,1346,False
750719632563142656,13048,4956,False
750506206503038976,4398,1129,False
750429297815552001,13044,4220,False
750383411068534784,4518,1134,False
750381685133418496,687,27,False
750147208377409536,3075,944,False
750132105863102464,3572,1279,False
750117059602808832,4291,1290,False
750101899009982464,3012,828,False
750086836815486976,2148,524,False
750071704093859840,7749,3275,False
750056684286914561,3134,883,False
750041628174217216,3139,606,False
750026558547456000,2695,775,False
750011400160841729,3216,893,False
749996283729883136,3035,802,False
749981277374128128,5069,2429,False
749774190421639168,4626,1302,False
749417653287129088,6051,1620,False
749403093750648834,2593,529,False
749395845976588288,8475,3388,False
749317047558017024,5437,2208,False
749075273010798592,5698,2049,False
749064354620928000,4760,1500,False
749036806121881602,3060,787,False
748977405889503236,10652,3349,False
748932637671223296,5745,2212,False
748705597323898880,2746,937,False
748699167502000129,4686,1559,False
748692773788876800,4198,1316,False
748575535303884801,5999,1948,False
748568946752774144,2174,663,False
748346686624440324,5158,1216,False
748337862848962560,7542,4037,False
748324050481647620,3639,744,False
748307329658011649,3632,700,False
748220828303695873,13964,7654,False
747963614829678593,5706,2102,False
747933425676525569,6531,2503,False
747885874273214464,2897,953,False
747844099428986880,2784,737,False
747816857231626240,4785,1143,False
747651430853525504,1369,152,False
747648653817413632,12726,5762,False
747600769478692864,2298,550,False
747594051852075008,3627,1043,False
747512671126323200,5456,1585,False
747461612269887489,3826,1027,False
747439450712596480,5355,1885,False
747242308580548608,0,2868,False
747219827526344708,5192,1541,False
747204161125646336,3327,904,False
747103485104099331,9440,3910,False
746906459439529985,2860,292,False
746872823977771008,5904,2100,False
746818907684614144,5257,1714,False
746790600704425984,4805,1577,False
746757706116112384,9444,3845,False
746726898085036033,5961,1763,False
746542875601690625,4965,1851,False
746521445350707200,0,970,False
746507379341139972,4595,1070,False
746369468511756288,6107,1608,False
746131877086527488,6817,2163,False
746056683365994496,3518,801,False
745789745784041472,3964,1050,False
745712589599014916,6905,2289,False
745433870967832576,6988,2494,False
745422732645535745,8457,2394,False
745314880350101504,7084,2708,False
745074613265149952,7718,3414,False
745057283344719872,7165,2206,False
744995568523612160,2936,604,False
744971049620602880,7763,2640,False
744709971296780288,5532,1537,False
744334592493166593,6686,2067,False
744234799360020481,154048,76350,False
744223424764059648,1638,356,False
743980027717509120,4111,1072,False
743895849529389061,3601,949,False
743835915802583040,0,2031,False
743609206067040256,4399,1355,False
743595368194129920,18058,6400,False
743545585370791937,3479,922,False
743510151680958465,7822,3671,False
743253157753532416,4159,1199,False
743222593470234624,6104,1875,False
743210557239623680,3784,1337,False
742534281772302336,6965,3508,False
742528092657332225,4350,1932,False
742465774154047488,7144,3847,False
742423170473463808,9674,3686,False
742385895052087300,6698,1928,False
742161199639494656,4257,1340,False
742150209887731712,5029,1516,False
741793263812808706,4470,1486,False
741743634094141440,8046,2693,False
741438259667034112,3632,808,False
741303864243200000,8641,3141,False
741099773336379392,9828,5404,False
741067306818797568,9375,3034,False
740995100998766593,6256,2677,False
740711788199743490,3348,918,False
740699697422163968,2799,766,False
740676976021798912,17871,6691,False
740373189193256964,34485,13066,False
740365076218183684,2421,422,False
740359016048689152,3243,848,False
740214038584557568,6580,1923,False
739979191639244800,19623,5805,False
739932936087216128,3989,1056,False
739844404073074688,3744,842,False
739623569819336705,3705,1330,False
739606147276148736,5300,1620,False
739544079319588864,38838,20784,False
739485634323156992,7036,2868,False
739238157791694849,113902,56768,False
738891149612572673,108,6,False
738885046782832640,3711,1119,False
738883359779196928,3244,775,False
738537504001953792,5001,1495,False
738402415918125056,3198,810,False
738184450748633089,4247,1192,False
738166403467907072,8622,3284,False
738156290900254721,2456,626,False
737826014890496000,5172,1732,False
737800304142471168,9811,3391,False
737678689543020544,4957,1281,False
737445876994609152,10061,4357,False
737322739594330112,3544,795,False
737310737551491075,14396,7260,False
736736130620620800,4172,1691,False
736392552031657984,17382,7211,False
736365877722001409,3895,1212,False
736225175608430592,7964,2720,False
736010884653420544,7738,2914,False
735991953473572864,3523,1121,False
735648611367784448,3964,1080,False
735635087207878657,6055,2299,False
735274964362878976,12788,4914,False
735256018284875776,3264,860,False
735137028879360001,3070,951,False
734912297295085568,2700,516,False
734787690684657664,12293,6155,False
734776360183431168,2456,527,False
734559631394082816,1461,387,False
733828123016450049,3512,760,False
733822306246479872,3591,1001,False
733482008106668032,3077,926,False
733460102733135873,4111,1249,False
733109485275860992,49276,16472,False
732732193018155009,2388,525,False
732726085725589504,3484,872,False
732585889486888962,3598,764,False
732375214819057664,7922,2458,False
732005617171337216,14602,5268,False
731285275100512256,3420,974,False
731156023742988288,3763,1238,False
730924654643314689,6019,1935,False
730573383004487680,4788,2086,False
730427201120833536,3420,1022,False
730211855403241472,3744,1036,False
730196704625098752,4741,1850,False
729854734790754305,3952,1098,False
729838605770891264,1689,373,False
729823566028484608,3898,1220,False
729463711119904772,5673,2267,False
729113531270991872,1841,313,False
728986383096946689,3080,802,False
728760639972315136,4581,1661,False
728751179681943552,2706,663,False
728653952833728512,3249,1011,False
728409960103686147,4806,1948,False
728387165835677696,3628,940,False
728046963732717569,4212,1171,False
728035342121635841,4469,1628,False
728015554473250816,4043,1083,False
727685679342333952,2903,629,False
727644517743104000,5741,1704,False
727524757080539137,4384,1188,False
727314416056803329,3274,721,False
727286334147182592,2991,793,False
727175381690781696,3836,1355,False
727155742655025152,3553,1296,False
726935089318363137,6730,2380,False
726887082820554753,3754,1488,False
726828223124897792,3489,980,False
726224900189511680,4338,1117,False
725842289046749185,6932,2604,False
725786712245440512,4090,1338,False
725729321944506368,5101,1743,False
725458796924002305,1390,601,False
724983749226668032,3655,1278,False
724771698126512129,2298,620,False
724405726123311104,5173,1612,False
724049859469295616,4242,1734,False
724046343203856385,2607,543,False
724004602748780546,4107,1504,False
723912936180330496,3803,1205,False
723688335806480385,7513,2864,False
723673163800948736,2952,866,False
723179728551723008,5198,1818,False
722974582966214656,4022,1528,False
722613351520608256,4860,1599,False
721503162398597120,4529,1785,False
721001180231503872,2479,596,False
720785406564900865,3048,748,False
720775346191278080,2408,643,False
720415127506415616,4044,1460,False
720389942216527872,6230,2440,False
720340705894408192,2806,951,False
720059472081784833,3787,1098,False
720043174954147842,4813,1957,False
719991154352222208,4739,1695,False
719704490224398336,4442,1389,False
719551379208073216,4945,1849,False
719367763014393856,2736,727,False
719339463458033665,4345,1201,False
719332531645071360,3356,923,False
718971898235854848,3418,1049,False
718939241951195136,5141,1712,False
718631497683582976,18480,7834,False
718613305783398402,2388,470,False
718540630683709445,2404,992,False
718460005985447936,2642,512,False
718454725339934721,4757,1478,False
718246886998687744,1865,485,False
718234618122661888,3793,962,False
717841801130979328,2403,590,False
717790033953034240,2823,1084,False
717537687239008257,5653,1808,False
717428917016076293,1581,435,False
717421804990701568,3097,819,False
717047459982213120,6163,1880,False
717009362452090881,3178,940,False
716802964044845056,4191,1143,False
716791146589110272,8015,1539,False
716730379797970944,1208,416,False
716447146686459905,12781,5726,False
716439118184652801,2332,203,False
716285507865542656,2713,1028,False
716080869887381504,6640,1852,False
715928423106027520,3127,858,False
715758151270801409,3649,1400,False
715733265223708672,4559,1649,False
715704790270025728,2732,557,False
715696743237730304,3833,1262,False
715680795826982913,4212,1571,False
715360349751484417,5361,1526,False
715342466308784130,2988,676,False
715220193576927233,2374,633,False
715200624753819648,5040,1834,False
715009755312439296,4067,1196,False
714982300363173890,3653,1009,False
714962719905021952,7208,4151,False
714957620017307648,4059,1374,False
714631576617938945,3209,968,False
714606013974974464,3551,904,False
714485234495041536,2620,1099,False
714258258790387713,2972,707,False
714251586676113411,3204,816,False
714214115368108032,2228,849,False
714141408463036416,4234,1361,False
713919462244790272,3230,776,False
713909862279876608,1860,526,False
713900603437621249,2778,721,False
713761197720473600,4764,1337,False
713411074226274305,4349,1272,False
713177543487135744,7079,2780,False
713175907180089344,4370,1439,False
712809025985978368,18675,6576,False
712717840512598017,12087,4849,False
712668654853337088,4099,1187,False
712438159032893441,5215,1528,False
712309440758808576,238,25,False
712097430750289920,3706,1009,False
712092745624633345,2881,864,False
712085617388212225,3217,475,False
712065007010385924,2214,606,False
711998809858043904,0,125,False
711968124745228288,7894,2247,False
711743778164514816,2787,966,False
711732680602345472,8650,4000,False
711694788429553666,32219,17925,False
711652651650457602,3781,893,False
711363825979756544,3571,1105,False
711306686208872448,3236,719,False
711008018775851008,2943,596,False
710997087345876993,4479,1353,False
710844581445812225,2500,669,False
710833117892898816,2637,519,False
710658690886586372,2261,546,False
710609963652087808,4704,2322,False
710588934686908417,4442,1817,False
710296729921429505,2330,718,False
710283270106132480,2110,510,False
710272297844797440,4445,1222,False
710269109699739648,2343,1090,False
710153181850935296,2853,872,False
710140971284037632,2705,857,False
710117014656950272,5367,1942,False
709918798883774466,3429,1067,False
709901256215666688,651,99,False
709852847387627521,3449,1176,False
709566166965075968,3477,1176,False
709556954897764353,3224,1047,False
709519240576036864,1468,231,False
709449600415961088,2174,558,False
709409458133323776,2562,664,False
709225125749587968,2371,562,False
709207347839836162,12266,5640,False
709198395643068416,2396,631,False
709179584944730112,1967,656,False
709158332880297985,2001,408,False
709042156699303936,4638,1591,False
708853462201716736,1770,647,False
708845821941387268,2928,876,False
708834316713893888,1655,491,False
708810915978854401,16149,6771,False
708738143638450176,2699,791,False
708711088997666817,2487,701,False
708479650088034305,2496,666,False
708469915515297792,3047,800,False
708400866336894977,15656,9830,False
708356463048204288,3510,1288,False
708349470027751425,2303,720,False
708149363256774660,4214,1520,False
708130923141795840,3314,833,False
708119489313951744,2642,962,False
708109389455101952,1915,540,False
708026248782585858,4314,1886,False
707995814724026368,3077,1105,False
707983188426153984,49,2,False
707969809498152960,2647,944,False
707776935007539200,3225,938,False
707741517457260545,2439,598,False
707738799544082433,4005,2407,False
707693576495472641,3334,966,False
707629649552134146,2525,852,False
707610948723478529,16657,6204,False
707420581654872064,2231,679,False
707411934438625280,2262,586,False
707387676719185920,3435,1254,False
707377100785885184,3215,1069,False
707315916783140866,2427,629,False
707297311098011648,2716,766,False
707059547140169728,2545,658,False
707038192327901184,2146,765,False
707021089608753152,4007,1327,False
707014260413456384,2270,585,False
706904523814649856,14308,7690,False
706901761596989440,2014,575,False
706681918348251136,3245,956,False
706644897839910912,2527,1066,False
706593038911545345,2117,619,False
706538006853918722,3413,1401,False
706516534877929472,3062,1014,False
706346369204748288,3387,906,False
706310011488698368,20901,7744,False
706291001778950144,1671,470,False
706265994973601792,2681,917,False
706169069255446529,3831,2157,False
706166467411222528,5066,1572,False
706153300320784384,1457,379,False
705975130514706432,3051,716,False
705970349788291072,3118,876,False
705898680587526145,2320,539,False
705786532653883392,1898,507,False
705591895322394625,3113,1125,False
705475953783398401,2905,889,False
705442520700944385,4347,1589,False
705428427625635840,3750,1642,False
705239209544720384,2952,734,False
705223444686888960,2546,782,False
705102439679201280,2105,508,False
705066031337840642,2147,611,False
704871453724954624,4207,1094,False
704859558691414016,2216,528,False
704847917308362754,4980,1493,False
704819833553219584,2591,963,False
704761120771465216,6525,2868,False
704499785726889984,2859,993,False
704491224099647488,737,75,False
704480331685040129,3330,1048,False
704364645503647744,7833,3476,False
704347321748819968,1550,344,False
704134088924532736,1479,448,False
704113298707505153,1815,561,False
704054845121142784,2872,896,False
703774238772166656,1812,449,False
703769065844768768,3217,1121,False
703631701117943808,2529,669,False
703611486317502464,3770,1498,False
703425003149250560,3743,1339,False
703407252292673536,2395,681,False
703382836347330562,3453,1119,False
703356393781329922,1878,378,False
703268521220972544,1949,536,False
703079050210877440,7258,3008,False
703041949650034688,25863,12201,False
702932127499816960,2535,708,False
702899151802126337,1590,445,False
702684942141153280,3173,1055,False
702671118226825216,2163,550,False
702598099714314240,12024,3366,False
702539513671897089,2833,941,False
702332542343577600,3127,1517,False
702321140488925184,3224,1023,False
702276748847800320,2425,755,False
702217446468493312,4690,1315,False
701981390485725185,3390,966,False
701952816642965504,3787,1005,False
701889187134500865,3480,1360,False
701805642395348998,3348,1641,False
701601587219795968,2064,441,False
701570477911896070,2770,909,False
701545186879471618,2619,598,False
701214700881756160,11990,4986,False
700890391244103680,2187,558,False
700864154249383937,2555,608,False
700847567345688576,2409,494,False
700796979434098688,2397,919,False
700747788515020802,22443,9087,False
700518061187723268,2565,781,False
700505138482569216,2257,555,False
700462010979500032,4056,1752,False
700167517596164096,2593,715,False
700151421916807169,2208,657,False
700143752053182464,7399,2657,False
700062718104104960,2608,676,False
700029284593901568,2043,575,False
700002074055016451,3256,1310,False
699801817392291840,3007,934,False
699788877217865730,2195,500,False
699779630832685056,2693,1207,False
699775878809702401,1931,593,False
699691744225525762,10118,4518,False
699446877801091073,5854,2562,False
699434518667751424,2128,503,False
699423671849451520,1337,319,False
699413908797464576,2046,618,False
699370870310113280,1860,430,False
699323444782047232,3092,847,False
699088579889332224,2211,619,False
699079609774645248,2408,640,False
699072405256409088,2918,1169,False
699060279947165696,3675,1765,False
699036661657767936,2564,1177,False
698989035503689728,3285,954,False
698953797952008193,2633,889,False
698907974262222848,2497,610,False
698710712454139905,2421,663,False
698703483621523456,1427,368,False
698635131305795584,1275,336,False
698549713696649216,2281,614,False
698355670425473025,1815,435,False
698342080612007937,2230,942,False
698262614669991936,4681,1961,False
698195409219559425,16485,5844,False
698178924120031232,2768,727,False
697995514407682048,1496,328,False
697990423684476929,3232,1267,False
697943111201378304,2351,661,False
697881462549430272,2966,1150,False
697630435728322560,1713,529,False
697616773278015490,3101,991,False
697596423848730625,2964,1236,False
697575480820686848,2012,490,False
697516214579523584,2015,1090,False
697482927769255936,2376,655,False
697463031882764288,3362,1372,False
697270446429966336,4615,1838,False
697259378236399616,3244,981,False
697255105972801536,2993,1136,False
697242256848379904,2472,654,False
696900204696625153,3115,1002,False
696894894812565505,2313,669,False
696886256886657024,4765,1757,False
696877980375769088,2407,696,False
696754882863349760,1460,355,False
696744641916489729,2036,917,False
696713835009417216,2340,636,False
696518437233913856,3843,1681,False
696490539101908992,1194,139,False
696488710901260288,2474,1000,False
696405997980676096,3147,1134,False
696100768806522880,1893,636,False
695816827381944320,2967,1140,False
695794761660297217,3110,751,False
695767669421768709,1823,724,False
695629776980148225,4492,2049,False
695446424020918272,4331,1776,False
695409464418041856,8529,3498,False
695314793360662529,3569,1420,False
695095422348574720,2593,600,False
695074328191332352,2799,1070,False
695064344191721472,1580,580,False
695051054296211456,2618,777,False
694925794720792577,2648,899,False
694905863685980160,2706,917,False
694669722378485760,35217,14052,False
694356675654983680,1480,281,False
694352839993344000,2000,601,False
694342028726001664,1553,477,False
694329668942569472,1962,491,False
694206574471057408,4098,1997,False
694183373896572928,2907,911,False
694001791655137281,3343,1002,False
693993230313091072,1845,394,False
693942351086120961,1720,359,False
693647888581312512,2635,572,False
693644216740769793,1325,122,False
693642232151285760,2496,405,False
693629975228977152,2404,777,False
693622659251335168,1509,367,False
693590843962331137,4962,1913,False
693582294167244802,1615,241,False
693486665285931008,1742,621,False
693280720173801472,3294,1212,False
693267061318012928,2342,799,False
693262851218264065,2170,488,False
693231807727280129,2827,722,False
693155686491000832,7757,3143,False
693109034023534592,1682,597,False
693095443459342336,1819,449,False
692919143163629568,2632,735,False
692905862751522816,2384,851,False
692901601640583168,1730,591,False
692894228850999298,2224,781,False
692828166163931137,2810,867,False
692752401762250755,6689,3564,False
692568918515392513,4284,1501,False
692535307825213440,3104,1333,False
692530551048294401,1803,405,False
692423280028966913,1450,223,False
692417313023332352,9208,3386,False
692187005137076224,2497,798,False
692158366030913536,2117,776,False
692142790915014657,1621,386,False
692041934689402880,3352,1240,False
692017291282812928,2843,934,False
691820333922455552,3900,1621,False
691793053716221953,8006,4137,False
691756958957883396,2801,975,False
691675652215414786,1924,499,False
691483041324204033,2348,552,False
691459709405118465,3985,1119,False
691444869282295808,2601,834,False
691416866452082688,18988,7472,False
691321916024623104,2526,644,False
691096613310316544,2924,863,False
691090071332753408,1698,326,False
690989312272396288,5804,2814,False
690959652130045952,3518,1219,False
690938899477221376,4019,1904,False
690932576555528194,3226,994,False
690735892932222976,3717,1240,False
690728923253055490,2142,508,False
690690673629138944,2295,803,False
690649993829576704,1281,271,False
690607260360429569,292,18,False
690597161306841088,1923,589,False
690400367696297985,1858,441,False
690374419777196032,3201,829,False
690360449368465409,2630,864,False
690348396616552449,1485,503,False
690248561355657216,1650,408,False
690021994562220032,2744,1007,False
690015576308211712,2447,716,False
690005060500217858,3608,1648,False
689999384604450816,1397,360,False
689993469801164801,1435,441,False
689977555533848577,1347,436,False
689905486972461056,2407,689,False
689877686181715968,2990,1138,False
689835978131935233,2137,734,False
689661964914655233,3177,909,False
689659372465688576,10202,3771,False
689623661272240129,2195,628,False
689599056876867584,11461,5396,False
689557536375177216,2008,448,False
689517482558820352,3347,1397,False
689289219123089408,2223,919,False
689283819090870273,3212,1077,False
689280876073582592,1953,692,False
689275259254616065,1127,241,False
689255633275777024,2513,1061,False
689154315265683456,3028,978,False
689143371370250240,1991,498,False
688916208532455424,2670,847,False
688908934925697024,2085,747,False
688898160958271489,2060,766,False
688894073864884227,2201,669,False
688828561667567616,1361,364,False
688804835492233216,950,190,False
688789766343622656,2185,651,False
688547210804498433,2550,682,False
688519176466644993,2279,714,False
688385280030670848,9136,4389,False
688211956440801280,2202,811,False
688179443353796608,2104,575,False
688116655151435777,2781,758,False
688064179421470721,1706,354,False
687841446767013888,5377,2452,False
687826841265172480,2707,1098,False
687818504314159109,2443,931,False
687807801670897665,2357,702,False
687732144991551489,1722,649,False
687704180304273409,2392,823,False
687664829264453632,1904,502,False
687494652870668288,1866,563,False
687480748861947905,1576,233,False
687476254459715584,1949,522,False
687460506001633280,2027,537,False
687399393394311168,1859,604,False
687317306314240000,19815,8977,False
687312378585812992,4284,1856,False
687127927494963200,5342,2223,False
687124485711986689,2144,495,False
687109925361856513,5699,2402,False
687102708889812993,2313,956,False
687096057537363968,2198,594,False
686947101016735744,8496,3127,False
686760001961103360,3465,1354,False
686749460672679938,3424,1420,False
686730991906516992,4070,1173,False
686683045143953408,2775,783,False
686618349602762752,3645,1335,False
686606069955735556,1859,535,False
686394059078897668,1714,680,False
686386521809772549,3204,862,False
686377065986265092,2166,552,False
686358356425093120,2147,654,False
686286779679375361,3942,1629,False
686050296934563840,2180,713,False
686035780142297088,1132,114,False
686034024800862208,3033,1121,False
686007916130873345,2439,399,False
686003207160610816,1799,611,False
685973236358713344,2067,513,False
685943807276412928,1601,579,False
685906723014619143,7370,2806,False
685681090388975616,1997,119,False
685667379192414208,2323,552,False
685663452032069632,3174,1422,False
685641971164143616,2882,760,False
685547936038666240,32344,15267,False
685532292383666176,2987,1136,False
685325112850124800,9289,3879,False
685321586178670592,2601,623,False
685315239903100929,3250,1019,False
685307451701334016,2040,429,False
685268753634967552,3044,1175,False
685198997565345792,2301,653,False
685169283572338688,4044,1401,False
684969860808454144,2355,360,False
684959798585110529,6712,3055,False
684940049151070208,3161,1021,False
684926975086034944,3426,455,False
684914660081053696,3451,1419,False
684902183876321280,1832,517,False
684880619965411328,2050,794,False
684830982659280897,34414,21205,False
684800227459624960,2692,981,False
684594889858887680,8760,3438,False
684588130326986752,4056,1378,False
684567543613382656,2964,1186,False
684538444857667585,2608,928,False
684481074559381504,3818,1145,False
684460069371654144,1934,546,False
684241637099323392,7978,3197,False
684225744407494656,1207,202,False
684222868335505415,3752,1330,False
684200372118904832,2116,1017,False
684195085588783105,1870,496,False
684188786104872960,3435,1144,False
684177701129875456,1988,652,False
684147889187209216,2942,1488,False
684122891630342144,1976,461,False
684097758874210310,4047,1402,False
683857920510050305,3746,1097,False
683852578183077888,1904,339,False
683849932751646720,2560,940,False
683834909291606017,2578,1090,False
683828599284170753,2751,1046,False
683773439333797890,3290,1316,False
683742671509258241,6354,3227,False
683515932363329536,7204,2821,False
683498322573824003,3117,942,False
683481228088049664,2618,976,False
683462770029932544,2383,659,False
683449695444799489,3820,1578,False
683391852557561860,7519,2355,False
683357973142474752,2858,900,False
683142553609318400,2826,1017,False
683111407806746624,3341,891,False
683098815881154561,2128,642,False
683078886620553216,1956,550,False
683030066213818368,2130,726,False
682962037429899265,36128,16134,False
682808988178739200,1750,165,False
682788441537560576,2436,1084,False
682750546109968385,1496,427,False
682697186228989953,1293,355,False
682662431982772225,3006,1053,False
682638830361513985,2042,583,False
682429480204398592,3373,1129,False
682406705142087680,7427,1722,False
682393905736888321,2194,654,False
682389078323662849,1630,449,False
682303737705140231,2998,953,False
682259524040966145,4054,1173,False
682242692827447297,3180,1132,False
682088079302213632,17884,9624,False
682059653698686977,4849,1635,False
682047327939461121,3134,920,False
682032003584274432,6467,1954,False
682003177596559360,3063,1483,False
681981167097122816,2760,1011,False
681891461017812993,2423,796,False
681694085539872773,12582,3973,False
681679526984871937,1738,430,False
681654059175129088,2588,906,False
681610798867845120,1866,453,False
681579835668455424,3488,1269,False
681523177663676416,14026,5621,False
681340665377193984,1609,272,False
681339448655802368,9108,3996,False
681320187870711809,2599,722,False
681302363064414209,3852,1774,False
681297372102656000,3155,928,False
681281657291280384,3173,1076,False
681261549936340994,1432,265,False
681242418453299201,1458,517,False
681231109724700672,2366,470,False
681193455364796417,3622,1440,False
680970795137544192,2376,643,False
680959110691590145,4492,1960,False
680940246314430465,3143,1018,False
680934982542561280,2056,425,False
680913438424612864,2361,607,False
680889648562991104,1728,356,False
680836378243002368,3398,1291,False
680805554198020098,2115,650,False
680801747103793152,2337,801,False
680798457301471234,2790,1007,False
680609293079592961,2573,681,False
680583894916304897,3557,1300,False
680497766108381184,4156,1863,False
680494726643068929,1683,476,False
680473011644985345,2492,730,False
680440374763077632,1419,487,False
680221482581123072,1439,286,False
680206703334408192,2772,1132,False
680191257256136705,2104,482,False
680176173301628928,3815,1505,False
680161097740095489,2277,718,False
680145970311643136,3536,1697,False
680130881361686529,2242,913,False
680115823365742593,2665,877,False
680100725817409536,3502,1335,False
680085611152338944,12557,8761,False
680070545539371008,2531,835,False
679877062409191424,1948,635,False
679872969355714560,2147,647,False
679862121895714818,2403,600,False
679854723806179328,2794,1194,False
679844490799091713,2321,740,False
679828447187857408,35511,13626,False
679777920601223168,3041,1070,False
679736210798047232,2050,770,False
679729593985699840,2121,803,False
679722016581222400,1627,456,False
679530280114372609,4682,2028,False
679527802031484928,2583,703,False
679511351870550016,3284,1230,False
679503373272485890,3103,1429,False
679475951516934144,2049,621,False
679462823135686656,30838,18264,False
679405845277462528,2316,1167,False
679158373988876288,20775,7801,False
679148763231985668,2719,995,False
679132435750195208,2915,1120,False
679111216690831360,5832,2510,False
679062614270468097,16532,7825,False
679047485189439488,2197,644,False
679001094530465792,2766,1185,False
678991772295516161,2238,1119,False
678969228704284672,1600,441,False
678800283649069056,2507,865,False
678798276842360832,3374,1121,False
678774928607469569,2743,877,False
678767140346941444,3442,1319,False
678764513869611008,1595,461,False
678755239630127104,6919,3169,False
678740035362037760,3652,1618,False
678708137298427904,5460,2353,False
678675843183484930,2785,1410,False
678643457146150913,1994,388,False
678446151570427904,3903,1492,False
678424312106393600,5328,2463,False
678410210315247616,4096,1742,False
678399652199309312,78136,30866,False
678396796259975168,1552,402,False
678389028614488064,1820,407,False
678380236862578688,2374,877,False
678341075375947776,1692,514,False
678334497360859136,1269,241,False
678278586130948096,11134,5900,False
678255464182861824,1546,353,False
678023323247357953,1859,370,False
678021115718029313,13243,6123,False
677961670166224897,3326,1632,False
677918531514703872,1300,394,False
677895101218201600,4692,2001,False
677716515794329600,2963,946,False
677700003327029250,3305,1399,False
677698403548192770,1197,309,False
677687604918272002,2427,817,False
677673981332312066,3236,1451,False
677662372920729601,1893,920,False
677644091929329666,1798,774,False
677573743309385728,2075,678,False
677565715327688705,1262,445,False
677557565589463040,2379,1118,False
677547928504967168,6744,3557,False
677530072887205888,1033,221,False
677335745548390400,2960,1704,False
677334615166730240,1308,275,False
677331501395156992,1052,227,False
677328882937298944,3544,1450,False
677314812125323265,1595,517,False
677301033169788928,1199,390,False
677269281705472000,1917,683,False
677228873407442944,3450,1582,False
677187300187611136,2656,884,False
676975532580409345,2683,1026,False
676957860086095872,2175,784,False
676949632774234114,1268,382,False
676948236477857792,2088,832,False
676946864479084545,1681,352,False
676942428000112642,2001,722,False
676936541936185344,12331,4758,False
676916996760600576,2885,1746,False
676897532954456065,2179,704,False
676864501615042560,2032,682,False
676821958043033607,22210,14976,False
676819651066732545,1757,638,False
676811746707918848,1380,409,False
676776431406465024,4834,1953,False
676617503762681856,2792,923,False
676613908052996102,1044,193,False
676606785097199616,1837,415,False
676603393314578432,1127,368,False
676593408224403456,4400,2073,False
676590572941893632,891,116,False
676588346097852417,2230,752,False
676582956622721024,1155,263,False
676575501977128964,2490,1073,False
676533798876651520,1820,531,False
676496375194980353,1470,510,False
676470639084101634,11227,4493,False
676440007570247681,1666,637,False
676430933382295552,1352,327,False
676263575653122048,2014,516,False
676237365392908289,1165,273,False
676219687039057920,73839,29825,False
676215927814406144,1675,552,False
676191832485810177,2200,993,False
676146341966438401,1854,635,False
676121918416756736,2090,1120,False
676101918813499392,2734,1121,False
676098748976615425,2887,1359,False
676089483918516224,1264,420,False
675898130735476737,1552,550,False
675891555769696257,2044,820,False
675888385639251968,2285,920,False
675878199931371520,4024,1349,False
675870721063669760,1564,542,False
675853064436391936,2592,1238,False
675849018447167488,906,137,False
675845657354215424,2184,841,False
675822767435051008,1469,516,False
675820929667219457,1007,225,False
675798442703122432,9885,3293,False
675781562965868544,1564,450,False
675740360753160193,1123,327,False
675710890956750848,1812,778,False
675707330206547968,1896,653,False
675706639471788032,623,90,False
675534494439489536,1769,394,False
675531475945709568,1139,365,False
675522403582218240,998,274,False
675517828909424640,1239,448,False
675501075957489664,16518,5590,False
675497103322386432,3014,1229,False
675489971617296384,1243,566,False
675483430902214656,1774,937,False
675432746517426176,1461,546,False
675372240448454658,1616,496,False
675362609739206656,1018,221,False
675354435921575936,31232,16041,False
675349384339542016,3765,2170,False
675334060156301312,2649,1230,False
675166823650848770,3417,1513,False
675153376133427200,5983,2453,False
675149409102012420,3599,1607,False
675147105808306176,901,219,False
675146535592706048,1132,282,False
675145476954566656,2045,847,False
675135153782571009,1251,454,False
675113801096802304,1866,748,False
675111688094527488,919,239,False
675109292475830276,2685,1083,False
675047298674663426,1021,304,False
675015141583413248,2583,1121,False
675006312288268288,936,211,False
675003128568291329,1496,436,False
674999807681908736,2149,1053,False
674805413498527744,823,339,False
674800520222154752,2881,811,False
674793399141146624,2396,1036,False
674790488185167872,1052,240,False
674788554665512960,774,202,False
674781762103414784,1920,1135,False
674774481756377088,1063,448,False
674767892831932416,1741,740,False
674764817387900928,754,225,False
674754018082705410,1309,418,False
674752233200820224,1401,440,False
674743008475090944,1334,520,False
674742531037511680,462,49,False
674739953134403584,1054,368,False
674737130913071104,619,82,False
674690135443775488,1096,451,False
674670581682434048,1536,611,False
674664755118911488,874,235,False
674646392044941312,1369,461,False
674644256330530816,989,258,False
674638615994089473,1613,557,False
674632714662858753,1441,546,False
674606911342424069,898,93,False
674468880899788800,5962,1929,False
674447403907457024,1017,344,False
674436901579923456,1061,369,False
674422304705744896,1367,514,False
674416750885273600,660,130,False
674410619106390016,1147,437,False
674394782723014656,1446,543,False
674372068062928900,815,300,False
674330906434379776,542,72,False
674318007229923329,1343,494,False
674307341513269249,10851,6592,False
674291837063053312,14034,5554,False
674271431610523648,1494,693,False
674269164442398721,870,217,False
674265582246694913,1561,802,False
674262580978937856,1250,428,False
674255168825880576,1396,515,False
674082852460433408,727,157,False
674075285688614912,945,269,False
674063288070742018,6084,2066,False
674053186244734976,3140,1223,False
674051556661161984,1384,464,False
674045139690631169,1339,607,False
674042553264685056,687,119,False
674038233588723717,1056,399,False
674036086168010753,813,193,False
674024893172875264,1696,1156,False
674019345211760640,1077,287,False
674014384960745472,1488,603,False
674008982932058114,1139,336,False
673956914389192708,1866,902,False
673919437611909120,1119,352,False
673906403526995968,3023,1545,False
673887867907739649,898,240,False
673716320723169284,2940,710,False
673715861853720576,3374,1952,False
673711475735838725,996,282,False
673709992831262724,798,253,False
673708611235921920,1025,270,False
673707060090052608,1048,370,False
673705679337693185,1202,388,False
673700254269775872,1364,537,False
673697980713705472,3778,1848,False
673689733134946305,1660,609,False
673688752737402881,1203,465,False
673686845050527744,1366,407,False
673680198160809984,1308,436,False
673662677122719744,1194,345,False
673656262056419329,689,222,False
673636718965334016,1048,339,False
673612854080196609,1526,679,False
673583129559498752,1142,338,False
673580926094458881,793,260,False
673576835670777856,1318,531,False
673363615379013632,978,287,False
673359818736984064,1377,630,False
673355879178194945,1430,539,False
673352124999274496,1585,509,False
673350198937153538,716,194,False
673345638550134785,2389,1186,False
673343217010679808,921,255,False
673342308415348736,1209,539,False
673320132811366400,12782,7410,False
673317986296586240,836,237,False
673295268553605120,7166,2982,False
673270968295534593,1019,344,False
673240798075449344,1359,671,False
673213039743795200,2128,789,False
673148804208660480,1616,589,False
672997845381865473,1879,673,False
672995267319328768,904,271,False
672988786805112832,935,271,False
672984142909456390,1199,514,False
672980819271634944,1733,953,False
672975131468300288,1593,847,False
672970152493887488,906,337,False
672968025906282496,1263,509,False
672964561327235073,1360,608,False
672902681409806336,1304,463,False
672898206762672129,857,400,False
672884426393653248,1467,796,False
672877615439593473,983,329,False
672834301050937345,1246,536,False
672828477930868736,1191,459,False
672640509974827008,929,296,False
672622327801233409,1228,457,False
672614745925664768,1166,549,False
672609152938721280,1054,367,False
672604026190569472,1050,377,False
672594978741354496,1261,579,False
672591762242805761,907,318,False
672591271085670400,681,176,False
672538107540070400,977,343,False
672523490734551040,597,159,False
672488522314567680,1056,407,False
672482722825261057,1066,561,False
672481316919734272,687,122,False
672475084225949696,1374,657,False
672466075045466113,1291,498,False
672272411274932228,6122,3163,False
672267570918129665,1415,581,False
672264251789176834,1081,314,False
672256522047614977,2686,1445,False
672254177670729728,1365,697,False
672248013293752320,1646,564,False
672245253877968896,647,144,False
672239279297454080,854,302,False
672231046314901505,1733,948,False
672222792075620352,749,199,False
672205392827572224,2142,1082,False
672169685991993344,972,343,False
672160042234327040,834,337,False
672139350159835138,1645,652,False
672125275208069120,2269,1073,False
672095186491711488,943,343,False
672082170312290304,897,345,False
672068090318987265,1227,481,False
671896809300709376,8081,3937,False
671891728106971137,1250,539,False
671882082306625538,3287,1308,False
671879137494245376,1343,627,False
671874878652489728,1192,519,False
671866342182637568,1062,463,False
671855973984772097,853,407,False
671789708968640512,6708,3255,False
671768281401958400,1133,463,False
671763349865160704,1585,846,False
671744970634719232,1284,716,False
671743150407421952,716,225,False
671735591348891648,1367,705,False
671729906628341761,8064,4089,False
671561002136281088,12124,6796,False
671550332464455680,865,197,False
671547767500775424,1276,552,False
671544874165002241,1860,988,False
671542985629241344,1035,530,False
671538301157904385,880,362,False
671536543010570240,1108,381,False
671533943490011136,963,544,False
671528761649688577,795,241,False
671520732782923777,1322,498,False
671518598289059840,897,279,False
671511350426865664,1508,663,False
671504605491109889,6617,3347,False
671497587707535361,869,421,False
671488513339211776,945,450,False
671486386088865792,547,183,False
671485057807351808,722,220,False
671390180817915904,1367,697,False
671362598324076544,1049,279,False
671357843010908160,379,145,False
671355857343524864,457,112,False
671347597085433856,905,400,False
671186162933985280,696,194,False
671182547775299584,1058,315,False
671166507850801152,828,323,False
671163268581498880,1559,1027,False
671159727754231808,344,74,False
671154572044468225,668,205,False
671151324042559489,630,142,False
671147085991960577,631,201,False
671141549288370177,1086,618,False
671138694582165504,877,375,False
671134062904504320,704,178,False
671122204919246848,3299,2347,False
671115716440031232,1296,728,False
671109016219725825,1084,410,False
670995969505435648,1051,272,False
670842764863651840,23417,8162,False
670840546554966016,553,181,False
670838202509447168,1050,647,False
670833812859932673,413,114,False
670832455012716544,692,201,False
670826280409919488,5228,3806,False
670823764196741120,735,175,False
670822709593571328,574,90,False
670815497391357952,3008,1443,False
670811965569282048,1067,253,False
670807719151067136,1105,459,False
670804601705242624,1853,901,False
670803562457407488,322,83,False
670797304698376195,699,222,False
670792680469889025,783,257,False
670789397210615808,626,223,False
670786190031921152,567,186,False
670783437142401025,784,359,False
670782429121134593,1462,721,False
670780561024270336,752,270,False
670778058496974848,317,69,False
670764103623966721,1029,392,False
670755717859713024,416,99,False
670733412878163972,906,476,False
670727704916926465,787,335,False
670717338665226240,1125,450,False
670704688707301377,734,348,False
670691627984359425,557,227,False
670679630144274432,711,265,False
670676092097810432,234,38,False
670668383499735048,10127,4687,False
670474236058800128,1423,693,False
670468609693655041,337,82,False
670465786746662913,922,512,False
670452855871037440,521,190,False
670449342516494336,1144,608,False
670444955656130560,6379,1867,False
670442337873600512,612,187,False
670435821946826752,999,482,False
670434127938719744,1335,604,False
670433248821026816,313,104,False
670428280563085312,1320,579,False
670427002554466305,492,148,False
670421925039075328,1236,599,False
670420569653809152,584,296,False
670417414769758208,539,303,False
670411370698022913,1908,832,False
670408998013820928,526,206,False
670403879788544000,407,143,False
670385711116361728,535,191,False
670374371102445568,709,251,False
670361874861563904,313,60,False
670338931251150849,406,101,False
670319130621435904,3693,1144,False
670303360680108032,411,123,False
670290420111441920,659,268,False
670093938074779648,973,310,False
670086499208155136,661,237,False
670079681849372674,2102,1146,False
670073503555706880,1480,741,False
670069087419133954,589,223,False
670061506722140161,718,310,False
670055038660800512,631,305,False
670046952931721218,614,160,False
670040295598354432,714,104,False
670037189829525505,562,257,False
670003130994700288,315,84,False
669993076832759809,305,78,False
669972011175813120,419,147,False
669970042633789440,285,51,False
669942763794931712,478,148,False
669926384437997569,358,89,False
669923323644657664,224,53,False
669753178989142016,759,372,False
669749430875258880,245,62,False
669684865554620416,483,83,False
669683899023405056,361,102,False
669682095984410625,334,126,False
669680153564442624,632,268,False
669661792646373376,769,400,False
669625907762618368,3339,1696,False
669603084620980224,904,339,False
669597912108789760,485,142,False
669583744538451968,1403,867,False
669573570759163904,412,130,False
669571471778410496,1504,952,False
669567591774625800,220,48,False
669564461267722241,369,112,False
669393256313184256,339,69,False
669375718304980992,1255,679,False
669371483794317312,466,167,False
669367896104181761,435,141,False
669363888236994561,593,214,False
669359674819481600,350,113,False
669354382627049472,2553,1199,False
669353438988365824,595,242,False
669351434509529089,409,168,False
669328503091937280,963,391,False
669327207240699904,544,114,False
669324657376567296,467,195,False
669216679721873412,1132,377,False
669214165781868544,413,149,False
669203728096960512,952,436,False
669037058363662336,622,290,False
669015743032369152,704,348,False
669006782128353280,547,229,False
669000397445533696,19813,5971,False
668994913074286592,418,209,False
668992363537309700,708,316,False
668989615043424256,633,309,False
668988183816871936,854,434,False
668986018524233728,519,153,False
668981893510119424,511,282,False
668979806671884288,753,327,False
668975677807423489,1236,545,False
668967877119254528,136,21,False
668960084974809088,665,229,False
668955713004314625,259,66,False
668932921458302977,246,53,False
668902994700836864,301,94,False
668892474547511297,378,138,False
668872652652679168,498,281,False
668852170888998912,426,149,False
668826086256599040,411,124,False
668815180734689280,524,245,False
668779399630725120,673,347,False
668655139528511488,495,204,False
668645506898350081,824,496,False
668643542311546881,822,488,False
668641109086707712,1009,504,False
668636665813057536,981,461,False
668633411083464705,2649,1495,False
668631377374486528,673,297,False
668627278264475648,296,104,False
668625577880875008,360,120,False
668623201287675904,1343,703,False
668620235289837568,186,37,False
668614819948453888,581,298,False
668587383441514497,1576,1003,False
668567822092664832,227,49,False
668544745690562560,484,212,False
668542336805281792,429,198,False
668537837512433665,241,67,False
668528771708952576,440,208,False
668507509523615744,310,98,False
668496999348633600,383,122,False
668484198282485761,403,220,False
668480044826800133,432,135,False
668466899341221888,840,476,False
668297328638447616,593,275,False
668291999406125056,229,29,False
668286279830867968,478,127,False
668274247790391296,774,220,False
668268907921326080,523,220,False
668256321989451776,1221,555,False
668248472370458624,904,445,False
668237644992782336,5854,2649,False
668226093875376128,281,96,False
668221241640230912,488,183,False
668204964695683073,527,183,False
668190681446379520,610,188,False
668171859951755264,459,180,False
668154635664932864,470,290,False
668142349051129856,547,260,False
668113020489474048,633,219,False
667937095915278337,1178,743,False
667924896115245057,277,103,False
667915453470232577,199,53,False
667911425562669056,469,278,False
667902449697558528,813,356,False
667886921285246976,1773,1001,False
667885044254572545,779,438,False
667878741721415682,374,110,False
667873844930215936,592,379,False
667866724293877760,2869,970,False
667861340749471744,231,74,False
667832474953625600,279,58,False
667806454573760512,997,454,False
667801013445750784,310,89,False
667793409583771648,667,309,False
667782464991965184,392,230,False
667773195014021121,220,50,False
667766675769573376,414,202,False
667728196545200128,361,143,False
667724302356258817,454,299,False
667550904950915073,0,31,False
667550882905632768,0,29,False
667549055577362432,5457,2104,False
667546741521195010,321,115,False
667544320556335104,810,493,False
667538891197542400,194,60,False
667534815156183040,772,493,False
667530908589760512,441,221,False
667524857454854144,1603,1049,False
667517642048163840,348,179,False
667509364010450944,6431,1992,False
667502640335572993,514,207,False
667495797102141441,493,248,False
667491009379606528,494,210,False
667470559035432960,243,89,False
667455448082227200,181,56,False
667453023279554560,297,83,False
667443425659232256,740,540,False
667437278097252352,425,221,False
667435689202614272,292,79,False
667405339315146752,441,208,False
667393430834667520,182,51,False
667369227918143488,346,151,False
667211855547486208,459,223,False
667200525029539841,579,243,False
667192066997374976,363,91,False
667188689915760640,704,370,False
667182792070062081,13474,5727,False
667177989038297088,179,51,False
667176164155375616,573,424,False
667174963120574464,233,72,False
667171260800061440,206,77,False
667165590075940865,2529,1047,False
667160273090932737,240,57,False
667152164079423490,44961,15732,False
667138269671505920,4302,2031,False
667119796878725120,314,121,False
667090893657276420,314,116,False
667073648344346624,376,109,False
667070482143944705,78,13,False
667065535570550784,160,41,False
667062181243039745,206,48,False
667044094246576128,175,45,False
667012601033924608,423,207,False
666996132027977728,227,82,False
666983947667116034,2391,906,False
666837028449972224,759,512,False
666835007768551424,199,74,False
666826780179869698,238,84,False
666817836334096384,479,234,False
666804364988780544,219,84,False
666786068205871104,707,446,False
666781792255496192,361,176,False
666776908487630848,323,157,False
666739327293083650,221,60,False
666701168228331520,401,202,False
666691418707132416,174,45,False
666649482315059201,1049,574,False
666644823164719104,220,74,False
666454714377183233,481,198,False
666447344410484738,96,18,False
666437273139982337,114,42,False
666435652385423360,152,46,False
666430724426358785,292,174,False
666428276349472768,151,73,False
666421158376562688,294,103,False
666418789513326592,112,41,False
666411507551481857,404,289,False
666407126856765440,98,32,False
666396247373291520,155,73,False
666373753744588802,171,80,False
666362758909284353,713,507,False
666353288456101888,195,64,False
666345417576210432,271,128,False
666337882303524864,180,82,False
666293911632134144,459,314,False
666287406224695296,134,58,False
666273097616637952,159,70,False
666268910803644416,95,32,False
666104133288665088,13448,5893,False
666102155909144576,70,11,False
666099513787052032,142,58,False
666094000022159362,153,66,False
666082916733198337,102,41,False
666073100786774016,292,142,False
666071193221509120,135,52,False
666063827256086533,444,194,False
666058600524156928,104,52,False
666057090499244032,266,123,False
666055525042405380,407,217,False
666051853826850816,1111,761,False
666050758794694657,123,51,False
666049248165822465,96,40,False
666044226329800704,266,127,False
666033412701032449,111,40,False
666029285002620928,120,42,False
666020888022790149,2380,456,False
